Date,StoreID,ItemID,TranType,Quantity,StockLevel
2015-12-31,1,10058,Opening,21,21
2025-01-01,1,10058,Sale,-6,15
2025-01-02,1,10058,Sale,-11,4
2025-01-03,1,10058,Sale,-10,-6
2025-01-04,1,10058,Sale,-13,-19
2025-01-05,1,10058,Sale,-22,-41
2025-01-06,1,10058,Sale,-15,-56
2025-01-07,1,10058,Sale,-13,-69
2025-01-08,1,10058,Sale,-11,-80
2025-01-09,1,10058,Sale,-6,-86
2025-01-10,1,10058,Sale,-7,-93
2025-01-11,1,10058,Sale,-22,-115
2025-01-12,1,10058,Sale,-7,-122
2025-01-13,1,10058,Sale,-12,-134
2025-01-14,1,10058,Sale,-11,-145
2025-01-15,1,10058,Sale,-14,-159
2025-01-16,1,10058,Sale,-7,-166
2025-01-17,1,10058,Sale,-6,-172
2025-01-18,1,10058,Sale,-10,-182
2025-01-19,1,10058,Sale,-12,-194
2025-01-20,1,10058,Sale,-6,-200
2025-01-21,1,10058,Sale,-9,-209
2025-01-22,1,10058,Sale,-6,-215
2025-01-23,1,10058,Sale,-15,-230
2025-01-24,1,10058,Sale,-10,-240
2025-01-25,1,10058,Sale,-7,-247
2025-01-26,1,10058,Sale,-18,-265
2025-01-27,1,10058,Sale,-7,-272
2025-01-28,1,10058,Sale,-15,-287
2025-01-29,1,10058,Sale,-7,-294
2025-01-30,1,10058,Sale,-10,-304
2025-01-31,1,10058,Sale,-9,-313
2025-02-01,1,10058,Sale,-22,-335
2025-02-02,1,10058,Sale,-10,-345
2025-02-03,1,10058,Sale,-7,-352
2025-02-04,1,10058,Sale,-8,-360
2025-02-05,1,10058,Sale,-12,-372
2025-02-06,1,10058,Sale,-9,-381
2025-02-07,1,10058,Sale,-11,-392
2025-02-08,1,10058,Sale,-7,-399
2025-02-09,1,10058,Sale,-15,-414
2025-02-10,1,10058,Sale,-6,-420
2025-02-11,1,10058,Sale,-12,-432
2025-02-12,1,10058,Sale,-5,-437
2025-02-13,1,10058,Sale,-6,-443
2025-02-14,1,10058,Sale,-9,-452
2025-02-15,1,10058,Sale,-13,-465
2025-02-16,1,10058,Sale,-13,-478
2025-02-17,1,10058,Sale,-6,-484
2025-02-18,1,10058,Sale,-15,-499
2025-02-19,1,10058,Sale,-6,-505
2025-02-20,1,10058,Sale,-5,-510
2025-02-21,1,10058,Sale,-15,-525
2025-02-22,1,10058,Sale,-23,-548
2025-02-23,1,10058,Sale,-19,-567
2025-02-24,1,10058,Sale,-8,-575
2025-02-25,1,10058,Sale,-14,-589
2025-02-26,1,10058,Sale,-15,-604
2025-02-27,1,10058,Sale,-5,-609
2025-02-28,1,10058,Sale,-6,-615
2025-03-01,1,10058,Sale,-14,-629
2025-03-02,1,10058,Sale,-20,-649
2025-03-03,1,10058,Sale,-5,-654
2025-03-04,1,10058,Sale,-15,-669
2025-03-05,1,10058,Sale,-14,-683
2025-03-06,1,10058,Sale,-10,-693
2025-03-07,1,10058,Sale,-15,-708
2025-03-08,1,10058,Sale,-17,-725
2025-03-09,1,10058,Sale,-7,-732
2025-03-10,1,10058,Sale,-7,-739
2025-03-11,1,10058,Sale,-15,-754
2025-03-12,1,10058,Sale,-6,-760
2025-03-13,1,10058,Sale,-9,-769
2025-03-14,1,10058,Sale,-15,-784
2025-03-15,1,10058,Sale,-13,-797
2025-03-16,1,10058,Sale,-23,-820
2025-03-17,1,10058,Sale,-5,-825
2025-03-18,1,10058,Sale,-14,-839
2025-03-19,1,10058,Sale,-16,-855
2025-03-20,1,10058,Sale,-10,-865
2025-03-21,1,10058,Sale,-9,-874
2025-03-22,1,10058,Sale,-19,-893
2025-03-23,1,10058,Sale,-10,-903
2025-03-24,1,10058,Sale,-15,-918
2025-03-25,1,10058,Sale,-11,-929
2025-03-26,1,10058,Sale,-10,-939
2025-03-27,1,10058,Sale,-8,-947
2025-03-28,1,10058,Sale,-11,-958
2025-03-29,1,10058,Sale,-9,-967
2025-03-30,1,10058,Sale,-9,-976
2025-03-31,1,10058,Sale,-6,-982
2025-04-01,1,10058,Sale,-12,-994
2025-04-02,1,10058,Sale,-14,-1008
2025-04-03,1,10058,Sale,-13,-1021
2025-04-04,1,10058,Sale,-15,-1036
2025-04-05,1,10058,Sale,-13,-1049
2025-04-06,1,10058,Sale,-20,-1069
2025-04-07,1,10058,Sale,-16,-1085
2025-04-08,1,10058,Sale,-8,-1093
2025-04-09,1,10058,Sale,-13,-1106
2025-04-10,1,10058,Sale,-13,-1119
2025-04-11,1,10058,Sale,-7,-1126
2025-04-12,1,10058,Sale,-7,-1133
2025-04-13,1,10058,Sale,-14,-1147
2025-04-14,1,10058,Sale,-14,-1161
2025-04-15,1,10058,Sale,-16,-1177
2025-04-16,1,10058,Sale,-9,-1186
2025-04-17,1,10058,Sale,-13,-1199
2025-04-18,1,10058,Sale,-5,-1204
2025-04-19,1,10058,Sale,-20,-1224
2025-04-20,1,10058,Sale,-16,-1240
2025-04-21,1,10058,Sale,-8,-1248
2025-04-22,1,10058,Sale,-16,-1264
2025-04-23,1,10058,Sale,-6,-1270
2025-04-24,1,10058,Sale,-9,-1279
2025-04-25,1,10058,Sale,-11,-1290
2025-04-26,1,10058,Sale,-17,-1307
2025-04-27,1,10058,Sale,-24,-1331
2025-04-28,1,10058,Sale,-16,-1347
2025-04-29,1,10058,Sale,-6,-1353
2025-04-30,1,10058,Sale,-16,-1369
2025-05-01,1,10058,Sale,-15,-1384
2025-05-02,1,10058,Sale,-6,-1390
2025-05-03,1,10058,Sale,-19,-1409
2025-05-04,1,10058,Sale,-13,-1422
2025-05-05,1,10058,Sale,-15,-1437
2025-05-06,1,10058,Sale,-13,-1450
2025-05-07,1,10058,Sale,-13,-1463
2025-05-08,1,10058,Sale,-8,-1471
2025-05-09,1,10058,Sale,-6,-1477
2025-05-10,1,10058,Sale,-17,-1494
2025-05-11,1,10058,Sale,-10,-1504
2025-05-12,1,10058,Sale,-16,-1520
2025-05-13,1,10058,Sale,-8,-1528
2025-05-14,1,10058,Sale,-5,-1533
2025-05-15,1,10058,Sale,-15,-1548
2025-05-16,1,10058,Sale,-6,-1554
2025-05-17,1,10058,Sale,-9,-1563
2025-05-18,1,10058,Sale,-7,-1570
2025-05-19,1,10058,Sale,-16,-1586
2025-05-20,1,10058,Sale,-5,-1591
2025-05-21,1,10058,Sale,-10,-1601
2025-05-22,1,10058,Sale,-9,-1610
2025-05-23,1,10058,Sale,-14,-1624
2025-05-24,1,10058,Sale,-7,-1631
2025-05-25,1,10058,Sale,-22,-1653
2025-05-26,1,10058,Sale,-15,-1668
2025-05-27,1,10058,Sale,-16,-1684
2025-05-28,1,10058,Sale,-13,-1697
2025-05-29,1,10058,Sale,-8,-1705
2025-05-30,1,10058,Sale,-8,-1713
2025-05-31,1,10058,Sale,-17,-1730
2025-06-01,1,10058,Sale,-13,-1743
2025-06-02,1,10058,Sale,-8,-1751
2025-06-03,1,10058,Sale,-13,-1764
2025-06-04,1,10058,Sale,-15,-1779
2025-06-05,1,10058,Sale,-12,-1791
2025-06-06,1,10058,Sale,-12,-1803
2025-06-07,1,10058,Sale,-18,-1821
2025-06-08,1,10058,Sale,-12,-1833
2025-06-09,1,10058,Sale,-5,-1838
2025-06-10,1,10058,Sale,-8,-1846
2025-06-11,1,10058,Sale,-7,-1853
2025-06-12,1,10058,Sale,-5,-1858
2025-06-13,1,10058,Sale,-9,-1867
2025-06-14,1,10058,Sale,-19,-1886
2025-06-15,1,10058,Sale,-18,-1904
2025-06-16,1,10058,Sale,-8,-1912
2025-06-17,1,10058,Sale,-14,-1926
2025-06-18,1,10058,Sale,-15,-1941
2025-06-19,1,10058,Sale,-5,-1946
2025-06-20,1,10058,Sale,-14,-1960
2025-06-21,1,10058,Sale,-15,-1975
2025-06-22,1,10058,Sale,-15,-1990
2025-06-23,1,10058,Sale,-11,-2001
2025-06-24,1,10058,Sale,-11,-2012
2025-06-25,1,10058,Sale,-13,-2025
2025-06-26,1,10058,Sale,-14,-2039
2025-06-27,1,10058,Sale,-13,-2052
2025-06-28,1,10058,Sale,-9,-2061
2025-06-29,1,10058,Sale,-13,-2074
2025-06-30,1,10058,Sale,-10,-2084
2025-07-01,1,10058,Sale,-13,-2097
2025-07-02,1,10058,Sale,-10,-2107
2025-07-03,1,10058,Sale,-14,-2121
2025-07-04,1,10058,Sale,-15,-2136
2025-07-05,1,10058,Sale,-10,-2146
2025-07-06,1,10058,Sale,-18,-2164
2025-07-07,1,10058,Sale,-14,-2178
2025-07-08,1,10058,Sale,-12,-2190
2025-07-09,1,10058,Sale,-10,-2200
2025-07-10,1,10058,Sale,-8,-2208
2025-07-11,1,10058,Sale,-8,-2216
2025-07-12,1,10058,Sale,-16,-2232
2025-07-13,1,10058,Sale,-9,-2241
2025-07-14,1,10058,Sale,-15,-2256
2025-07-15,1,10058,Sale,-8,-2264
2025-07-16,1,10058,Sale,-5,-2269
2025-07-17,1,10058,Sale,-15,-2284
2025-07-18,1,10058,Sale,-10,-2294
2025-07-19,1,10058,Sale,-9,-2303
2025-07-20,1,10058,Sale,-15,-2318
2025-07-21,1,10058,Sale,-14,-2332
2025-07-22,1,10058,Sale,-8,-2340
2025-07-23,1,10058,Sale,-8,-2348
2025-07-24,1,10058,Sale,-11,-2359
2025-07-25,1,10058,Sale,-14,-2373
2025-07-26,1,10058,Sale,-21,-2394
2025-07-27,1,10058,Sale,-7,-2401
2025-07-28,1,10058,Sale,-11,-2412
2025-07-29,1,10058,Sale,-5,-2417
2025-07-30,1,10058,Sale,-9,-2426
2025-07-31,1,10058,Sale,-14,-2440
